(1677, 4430, 7544, 12232, 14442)
(2691, 184, 0, 184)
(30909, 140, 0, 140)
(2700, 129, 0, 129)
(13317, 128, 0, 128)
(86017, 125, 2, 123)
(118, 123, 1, 122)
(47782, 113, 0, 113)
(83136, 112, 2, 110)
(86015, 101, 2, 99)
(20856, 99, 1, 98)
(2498, 89, 1, 88)
(7747, 87, 0, 87)
(18200, 85, 1, 84)
(25672, 77, 0, 77)
(33781, 69, 0, 69)
(5026, 68, 0, 68)
(33780, 65, 0, 65)
(23130, 61, 0, 61)
(3191, 61, 0, 61)
(29129, 57, 0, 57)
(89639, 49, 0, 49)
(14226, 47, 0, 47)
(25811, 47, 0, 47)
(26457, 45, 1, 44)
(1097, 44, 0, 44)
(7477, 44, 0, 44)
(29783, 42, 0, 42)
(26205, 41, 0, 41)
(17336, 40, 0, 40)
(2356, 40, 0, 40)
(3398, 39, 0, 39)
(27497, 38, 1, 37)
(114783, 37, 0, 37)
(21457, 36, 0, 36)
(88065, 35, 0, 35)
(41293, 35, 0, 35)
(9722, 35, 0, 35)
(30850, 34, 0, 34)
(26318, 33, 0, 33)
(92220, 33, 0, 33)
(12386, 32, 0, 32)
(114620, 33, 1, 32)
(11609, 31, 0, 31)
(17606, 31, 0, 31)
(6605, 30, 0, 30)
(130, 30, 0, 30)
(35717, 30, 0, 30)
(30728, 30, 0, 30)
(1194, 29, 0, 29)
(23225, 28, 0, 28)
(78830, 28, 0, 28)
(89635, 27, 0, 27)
(80380, 26, 0, 26)
(23812, 25, 0, 25)
(70581, 25, 0, 25)
(33917, 24, 0, 24)
(6128, 24, 0, 24)
(112769, 23, 0, 23)
(22350, 22, 0, 22)
(101590, 22, 0, 22)
(7911, 22, 0, 22)
(33803, 22, 1, 21)
(31591, 21, 0, 21)
(30729, 21, 0, 21)
(86039, 28, 8, 20)
(14416, 20, 0, 20)
(33566, 20, 0, 20)
(13494, 20, 0, 20)
(14219, 19, 0, 19)
(32377, 19, 0, 19)
(90012, 19, 0, 19)
(114628, 19, 0, 19)
(11727, 19, 0, 19)
(4362, 20, 1, 19)
(5358, 19, 0, 19)
(12900, 18, 0, 18)
(17633, 18, 0, 18)
(10295, 18, 0, 18)
(43403, 18, 0, 18)
(46419, 18, 0, 18)
(93598, 18, 0, 18)
(58241, 18, 0, 18)
(26, 25, 7, 18)
(27965, 18, 0, 18)
(31088, 18, 0, 18)
(38432, 18, 0, 18)
(14928, 18, 0, 18)
(13983, 17, 0, 17)
(41326, 17, 0, 17)
(70822, 17, 0, 17)
(65866, 17, 0, 17)
(6933, 17, 0, 17)
(12036, 17, 0, 17)
(35190, 16, 0, 16)
(96556, 16, 0, 16)
(24324, 16, 0, 16)
(652, 16, 0, 16)
(26534, 16, 0, 16)
(13992, 16, 0, 16)
(17513, 17, 1, 16)
(30749, 16, 0, 16)
(31241, 16, 0, 16)
(20455, 16, 0, 16)
(22012, 16, 0, 16)
(109710, 16, 0, 16)
(29682, 16, 0, 16)
(60504, 16, 0, 16)
(6923, 16, 0, 16)
(2281, 16, 0, 16)
(13429, 16, 0, 16)
(39082, 16, 0, 16)
(31825, 15, 0, 15)
(90155, 15, 0, 15)
(72242, 15, 0, 15)
(16174, 16, 1, 15)
(93099, 15, 0, 15)
(40791, 15, 0, 15)
(37386, 14, 0, 14)
(29122, 15, 1, 14)
(30153, 14, 0, 14)
(38295, 14, 0, 14)
(658, 14, 0, 14)
(18609, 14, 0, 14)
(66268, 14, 0, 14)
(15134, 14, 0, 14)
(20560, 14, 0, 14)
(17570, 14, 0, 14)
(49530, 16, 2, 14)
(36326, 14, 0, 14)
(5311, 15, 1, 14)
(6786, 14, 0, 14)
(35752, 13, 0, 13)
(62699, 13, 0, 13)
(30466, 13, 0, 13)
(95106, 13, 0, 13)
(109390, 13, 0, 13)
(22572, 14, 1, 13)
(33050, 13, 0, 13)
(30051, 13, 0, 13)
(36028, 13, 0, 13)
(29616, 13, 0, 13)
(30303, 13, 0, 13)
(25220, 13, 0, 13)
(86431, 13, 0, 13)
(14352, 13, 0, 13)
(78264, 13, 0, 13)
(21566, 13, 0, 13)
(80342, 13, 0, 13)
(6135, 13, 0, 13)
(63868, 12, 0, 12)
(27891, 12, 0, 12)
(92248, 12, 0, 12)
(97381, 12, 0, 12)
(74306, 12, 0, 12)
(24781, 12, 0, 12)
(9361, 13, 1, 12)
(30160, 13, 1, 12)
(8364, 12, 0, 12)
(14776, 12, 0, 12)
(29566, 12, 0, 12)
(35657, 12, 0, 12)
(17781, 12, 0, 12)
(6361, 12, 0, 12)
(35671, 12, 0, 12)
(103969, 12, 0, 12)
(11289, 12, 0, 12)
(62146, 12, 0, 12)
(25771, 12, 0, 12)
(17407, 12, 0, 12)
(4850, 12, 0, 12)
(6714, 12, 0, 12)
(70541, 12, 0, 12)
(108430, 11, 0, 11)
(37955, 11, 0, 11)
(39297, 12, 1, 11)
(52080, 11, 0, 11)
(7146, 11, 0, 11)
(33203, 12, 1, 11)
(83083, 11, 0, 11)
(13646, 11, 0, 11)
(7879, 11, 0, 11)
(109398, 11, 0, 11)
(54612, 11, 0, 11)
(17455, 11, 0, 11)
(21077, 11, 0, 11)
(63026, 10, 0, 10)
(10251, 10, 0, 10)
(11372, 10, 0, 10)
(29670, 10, 0, 10)
(53054, 10, 0, 10)
(48867, 10, 0, 10)
(2168, 11, 1, 10)
(10845, 11, 1, 10)
(6896, 10, 0, 10)
(34997, 10, 0, 10)
(64813, 10, 0, 10)
(86143, 10, 0, 10)
(29158, 11, 1, 10)
(52243, 10, 0, 10)
(56338, 10, 0, 10)
(20007, 10, 0, 10)
(8455, 10, 0, 10)
(35290, 10, 0, 10)
(88190, 10, 0, 10)
(90705, 10, 0, 10)
(38979, 10, 0, 10)
(7459, 10, 0, 10)
(82078, 10, 0, 10)
(11743, 10, 0, 10)
(9276, 10, 0, 10)
(24586, 10, 0, 10)
(14212, 10, 0, 10)
(62237, 10, 0, 10)
(43356, 11, 1, 10)
(76533, 10, 0, 10)
(25848, 10, 0, 10)
(4903, 10, 0, 10)
(63324, 9, 0, 9)
(81634, 9, 0, 9)
(14929, 9, 0, 9)
(60825, 9, 0, 9)
(38690, 9, 0, 9)
(71720, 9, 0, 9)
(67939, 9, 0, 9)
(11873, 9, 0, 9)
(12281, 9, 0, 9)
(21395, 10, 1, 9)
(32945, 9, 0, 9)
(27920, 9, 0, 9)
(58133, 9, 0, 9)
(97397, 9, 0, 9)
(9010, 9, 0, 9)
(69325, 9, 0, 9)
(14301, 9, 0, 9)
(27956, 10, 1, 9)
(29581, 9, 0, 9)
(77863, 9, 0, 9)
(14077, 9, 0, 9)
(18709, 9, 0, 9)
(27656, 10, 1, 9)
(28746, 9, 0, 9)
(61217, 9, 0, 9)
(1206, 10, 1, 9)
(8768, 9, 0, 9)
(32781, 9, 0, 9)
(15471, 9, 0, 9)
(29042, 9, 0, 9)
(30311, 9, 0, 9)
(31122, 9, 0, 9)
(31694, 9, 0, 9)
(45442, 9, 0, 9)
(26903, 9, 0, 9)
(30330, 9, 0, 9)
(52931, 9, 0, 9)
(37951, 9, 0, 9)
(43811, 9, 0, 9)
(100941, 8, 0, 8)
(111664, 8, 0, 8)
(15512, 8, 0, 8)
(29828, 8, 0, 8)
(48741, 8, 0, 8)
(73669, 8, 0, 8)
(6795, 8, 0, 8)
(34024, 8, 0, 8)
(31795, 8, 0, 8)
(74328, 8, 0, 8)
(18245, 8, 0, 8)
(5662, 8, 0, 8)
(8965, 8, 0, 8)
(35261, 8, 0, 8)
(11565, 8, 0, 8)
(28674, 8, 0, 8)
(44009, 8, 0, 8)
(74353, 8, 0, 8)
(20534, 8, 0, 8)
(67508, 8, 0, 8)
(60455, 8, 0, 8)
(78175, 8, 0, 8)
(70419, 8, 0, 8)
(14438, 8, 0, 8)
(28541, 8, 0, 8)
(72388, 8, 0, 8)
(5114, 8, 0, 8)
(33053, 8, 0, 8)
(82608, 8, 0, 8)
(29024, 8, 0, 8)
(60511, 8, 0, 8)
(43554, 8, 0, 8)
(46908, 8, 0, 8)
(6924, 8, 0, 8)
(33562, 8, 0, 8)
(36077, 8, 0, 8)
(81552, 8, 0, 8)
(14920, 8, 0, 8)
(28601, 8, 0, 8)
(30942, 8, 0, 8)
(54687, 8, 0, 8)
(60530, 8, 0, 8)
(43283, 8, 0, 8)
(3438, 8, 0, 8)
(63321, 8, 0, 8)
(63728, 8, 0, 8)
(65034, 8, 0, 8)
(10121, 9, 1, 8)
(31740, 9, 1, 8)
(59478, 8, 0, 8)
(38250, 8, 0, 8)
(44927, 8, 0, 8)
(18236, 8, 0, 8)
(24977, 8, 0, 8)
(34017, 7, 0, 7)
(34480, 7, 0, 7)
(88398, 7, 0, 7)
(30732, 7, 0, 7)
(62049, 7, 0, 7)
(43385, 7, 0, 7)
(47864, 7, 0, 7)
(2367, 7, 0, 7)
(2929, 7, 0, 7)
(33746, 7, 0, 7)
(28658, 7, 0, 7)
(17707, 7, 0, 7)
(91226, 7, 0, 7)
(92831, 7, 0, 7)
(113636, 7, 0, 7)
(20834, 7, 0, 7)
(25151, 7, 0, 7)
(2959, 7, 0, 7)
(104335, 9, 2, 7)
(83554, 7, 0, 7)
(87731, 7, 0, 7)
(30236, 7, 0, 7)
(56200, 7, 0, 7)
(94104, 7, 0, 7)
(95643, 7, 0, 7)
(45807, 7, 0, 7)
(49011, 7, 0, 7)
(113851, 7, 0, 7)
(19952, 7, 0, 7)
(2447, 7, 0, 7)
(3066, 7, 0, 7)
(9501, 7, 0, 7)
(32994, 7, 0, 7)
(100399, 7, 0, 7)
(113314, 7, 0, 7)
(88188, 7, 0, 7)
(10981, 7, 0, 7)
(14811, 7, 0, 7)
(45842, 7, 0, 7)
(48543, 7, 0, 7)
(24823, 7, 0, 7)
(8184, 7, 0, 7)
(9068, 7, 0, 7)
(33244, 7, 0, 7)
(10462, 7, 0, 7)
(14867, 7, 0, 7)
(30256, 7, 0, 7)
(59331, 7, 0, 7)
(114654, 7, 0, 7)
(21020, 7, 0, 7)
(22589, 8, 1, 7)
(24392, 7, 0, 7)
(109747, 7, 0, 7)
(39004, 7, 0, 7)
(4684, 7, 0, 7)
(62996, 7, 0, 7)
(9943, 7, 0, 7)
(11760, 7, 0, 7)
(56054, 7, 0, 7)
(97081, 7, 0, 7)
(40897, 7, 0, 7)
(41603, 7, 0, 7)
(18817, 7, 0, 7)
(7938, 11, 4, 7)
(66419, 7, 0, 7)
(99955, 7, 0, 7)
(15493, 7, 0, 7)
(24763, 7, 0, 7)
(26304, 7, 0, 7)
(2106, 7, 0, 7)
(32370, 6, 0, 6)
(107821, 6, 0, 6)
(13497, 6, 0, 6)
(31038, 8, 2, 6)
(57073, 6, 0, 6)
(59154, 6, 0, 6)
(97790, 6, 0, 6)
(21185, 6, 0, 6)
(25940, 6, 0, 6)
(7141, 6, 0, 6)
(9797, 6, 0, 6)
(33160, 6, 0, 6)
(70270, 6, 0, 6)
(85488, 6, 0, 6)
(10809, 6, 0, 6)
(15007, 6, 0, 6)
(61547, 6, 0, 6)
(38710, 6, 0, 6)
(40354, 6, 0, 6)
(43915, 6, 0, 6)
(45071, 6, 0, 6)
(24782, 6, 0, 6)
(2369, 7, 1, 6)
(3720, 6, 0, 6)
(7721, 6, 0, 6)
(9844, 6, 0, 6)
(34582, 6, 0, 6)
(64004, 6, 0, 6)
(27436, 6, 0, 6)
(14418, 6, 0, 6)
(53309, 6, 0, 6)
(38016, 6, 0, 6)
(22029, 6, 0, 6)
(25415, 6, 0, 6)
(3992, 6, 0, 6)
(6338, 6, 0, 6)
(85498, 6, 0, 6)
(10407, 6, 0, 6)
(17219, 6, 0, 6)
(29687, 8, 2, 6)
(30245, 6, 0, 6)
(95226, 6, 0, 6)
(38040, 6, 0, 6)
(74147, 6, 0, 6)
(24344, 6, 0, 6)
(26092, 6, 0, 6)
(5956, 6, 0, 6)
(9555, 6, 0, 6)
(35658, 6, 0, 6)
(65382, 6, 0, 6)
(85578, 6, 0, 6)
(28139, 6, 0, 6)
(55480, 6, 0, 6)
(32473, 6, 0, 6)
(67595, 6, 0, 6)
(100510, 6, 0, 6)
(84165, 6, 0, 6)
(86607, 6, 0, 6)
(29355, 6, 0, 6)
(30082, 6, 0, 6)
(52322, 7, 1, 6)
(72453, 6, 0, 6)
(20590, 6, 0, 6)
(22125, 6, 0, 6)
(6642, 6, 0, 6)
(8253, 6, 0, 6)
(33055, 6, 0, 6)
(64582, 6, 0, 6)
(12796, 6, 0, 6)
(27716, 6, 0, 6)
(14630, 6, 0, 6)
(28262, 6, 0, 6)
(16784, 6, 0, 6)
(52331, 6, 0, 6)
(44711, 6, 0, 6)
(114412, 6, 0, 6)
(114713, 6, 0, 6)
(32541, 6, 0, 6)
(33066, 6, 0, 6)
(34775, 6, 0, 6)
(84277, 6, 0, 6)
(54724, 6, 0, 6)
(56664, 6, 0, 6)
(91478, 7, 1, 6)
(96371, 6, 0, 6)
(21749, 6, 0, 6)
(579, 7, 1, 6)
(8887, 6, 0, 6)
(70556, 5, 0, 5)
(103064, 5, 0, 5)
(104203, 5, 0, 5)
(104946, 5, 0, 5)
(85452, 5, 0, 5)
(86664, 5, 0, 5)
(14407, 5, 0, 5)
(31512, 5, 0, 5)
(53012, 5, 0, 5)
(114541, 5, 0, 5)
(114895, 5, 0, 5)
(79260, 5, 0, 5)
(4972, 5, 0, 5)
(6185, 5, 0, 5)
(7666, 5, 0, 5)
(65566, 5, 0, 5)
(100227, 5, 0, 5)
(109704, 5, 0, 5)
(113276, 5, 0, 5)
(87699, 5, 0, 5)
(88411, 7, 2, 5)
(30354, 5, 0, 5)
(60449, 5, 0, 5)
(89763, 5, 0, 5)
(90975, 5, 0, 5)
(96633, 5, 0, 5)
(41900, 5, 0, 5)
(50581, 5, 0, 5)
(78106, 5, 0, 5)
(5003, 5, 0, 5)
(35822, 5, 0, 5)
(66791, 5, 0, 5)
(28931, 5, 0, 5)
(29891, 5, 0, 5)
(31532, 5, 0, 5)
(61626, 5, 0, 5)
(99718, 5, 0, 5)
(7273, 5, 0, 5)
(9851, 5, 0, 5)
(34617, 6, 1, 5)
(62838, 5, 0, 5)
(64013, 5, 0, 5)
(101407, 5, 0, 5)
(105293, 5, 0, 5)
(31860, 6, 1, 5)
(59288, 5, 0, 5)
(94162, 5, 0, 5)
(96737, 5, 0, 5)
(114238, 5, 0, 5)
(78591, 5, 0, 5)
(7428, 5, 0, 5)
(34661, 5, 0, 5)
(86267, 5, 0, 5)
(88453, 5, 0, 5)
(51035, 5, 0, 5)
(89878, 6, 1, 5)
(41429, 5, 0, 5)
(49480, 5, 0, 5)
(17846, 6, 1, 5)
(20074, 5, 0, 5)
(22084, 5, 0, 5)
(23245, 5, 0, 5)
(24155, 6, 1, 5)
(33410, 8, 3, 5)
(34094, 5, 0, 5)
(69886, 5, 0, 5)
(70446, 5, 0, 5)
(108186, 5, 0, 5)
(88588, 5, 0, 5)
(13927, 5, 0, 5)
(28578, 5, 0, 5)
(16413, 5, 0, 5)
(30704, 5, 0, 5)
(56531, 5, 0, 5)
(95461, 5, 0, 5)
(99049, 5, 0, 5)
(43219, 5, 0, 5)
(114376, 5, 0, 5)
(34276, 5, 0, 5)
(66407, 5, 0, 5)
(99780, 5, 0, 5)
(13930, 5, 0, 5)
(17608, 5, 0, 5)
(61992, 5, 0, 5)
(93776, 5, 0, 5)
(99103, 5, 0, 5)
(79158, 6, 1, 5)
(7542, 7, 2, 5)
(8795, 5, 0, 5)
(64608, 5, 0, 5)
(111608, 5, 0, 5)
(82744, 5, 0, 5)
(10792, 5, 0, 5)
(27399, 5, 0, 5)
(29051, 5, 0, 5)
(38459, 5, 0, 5)
(74438, 5, 0, 5)
(18542, 5, 0, 5)
(22259, 6, 1, 5)
(2365, 6, 1, 5)
(7545, 5, 0, 5)
(32620, 4, 0, 4)
(33619, 4, 0, 4)
(36112, 4, 0, 4)
(66016, 4, 0, 4)
(11857, 4, 0, 4)
(28368, 4, 0, 4)
(29468, 4, 0, 4)
(52585, 5, 1, 4)
(55715, 4, 0, 4)
(58098, 4, 0, 4)
(90898, 4, 0, 4)
(92806, 4, 0, 4)
(23033, 4, 0, 4)
(5430, 4, 0, 4)
(8004, 4, 0, 4)
(8931, 4, 0, 4)
(62767, 4, 0, 4)
(82892, 4, 0, 4)
(11482, 4, 0, 4)
(13499, 4, 0, 4)
(26958, 4, 0, 4)
(28046, 4, 0, 4)
(51840, 4, 0, 4)
(93893, 4, 0, 4)
(95622, 4, 0, 4)
(47912, 4, 0, 4)
(114549, 4, 0, 4)
(72200, 4, 0, 4)
(73122, 4, 0, 4)
(76087, 4, 0, 4)
(78361, 4, 0, 4)
(23833, 4, 0, 4)
(6841, 4, 0, 4)
(8091, 4, 0, 4)
(109238, 4, 0, 4)
(86508, 4, 0, 4)
(30483, 4, 0, 4)
(90675, 4, 0, 4)
(92353, 4, 0, 4)
(74537, 4, 0, 4)
(78579, 6, 2, 4)
(23886, 4, 0, 4)
(24803, 4, 0, 4)
(8410, 4, 0, 4)
(32434, 4, 0, 4)
(63169, 4, 0, 4)
(68064, 4, 0, 4)
(70762, 4, 0, 4)
(103537, 4, 0, 4)
(86823, 4, 0, 4)
(12397, 4, 0, 4)
(28539, 4, 0, 4)
(28987, 4, 0, 4)
(55273, 4, 0, 4)
(61632, 4, 0, 4)
(90702, 4, 0, 4)
(43109, 4, 0, 4)
(45225, 4, 0, 4)
(113879, 4, 0, 4)
(23890, 4, 0, 4)
(32698, 4, 0, 4)
(36319, 4, 0, 4)
(65865, 4, 0, 4)
(106191, 4, 0, 4)
(108083, 4, 0, 4)
(109396, 4, 0, 4)
(83114, 4, 0, 4)
(83646, 4, 0, 4)
(86530, 4, 0, 4)
(11921, 4, 0, 4)
(27961, 4, 0, 4)
(30403, 4, 0, 4)
(31579, 4, 0, 4)
(91366, 4, 0, 4)
(43551, 4, 0, 4)
(46666, 4, 0, 4)
(71825, 4, 0, 4)
(72678, 4, 0, 4)
(76662, 4, 0, 4)
(77245, 4, 0, 4)
(77934, 4, 0, 4)
(18340, 4, 0, 4)
(25211, 4, 0, 4)
(2605, 4, 0, 4)
(8610, 4, 0, 4)
(35082, 4, 0, 4)
(62899, 4, 0, 4)
(64036, 4, 0, 4)
(65405, 4, 0, 4)
(67012, 4, 0, 4)
(68181, 4, 0, 4)
(70943, 4, 0, 4)
(105655, 4, 0, 4)
(87975, 4, 0, 4)
(10475, 4, 0, 4)
(14315, 4, 0, 4)
(14874, 4, 0, 4)
(55539, 4, 0, 4)
(58631, 4, 0, 4)
(91814, 4, 0, 4)
(97459, 4, 0, 4)
(37760, 4, 0, 4)
(50947, 4, 0, 4)
(78740, 4, 0, 4)
(2617, 4, 0, 4)
(5148, 4, 0, 4)
(5996, 4, 0, 4)
(69371, 4, 0, 4)
(100820, 4, 0, 4)
(104801, 4, 0, 4)
(88628, 4, 0, 4)
(10663, 4, 0, 4)
(14106, 4, 0, 4)
(27317, 4, 0, 4)
(60221, 5, 1, 4)
(89516, 4, 0, 4)
(38174, 4, 0, 4)
(46243, 4, 0, 4)
(48695, 4, 0, 4)
(20690, 4, 0, 4)
(22140, 4, 0, 4)
(26231, 4, 0, 4)
(33932, 4, 0, 4)
(35130, 4, 0, 4)
(62597, 4, 0, 4)
(63001, 4, 0, 4)
(64103, 4, 0, 4)
(104194, 4, 0, 4)
(107640, 4, 0, 4)
(111053, 4, 0, 4)
(11344, 5, 1, 4)
(12826, 4, 0, 4)
(14400, 4, 0, 4)
(94539, 4, 0, 4)
(45444, 5, 1, 4)
(46378, 4, 0, 4)
(71632, 4, 0, 4)
(18969, 4, 0, 4)
(20274, 4, 0, 4)
(20713, 4, 0, 4)
(7945, 4, 0, 4)
(8350, 4, 0, 4)
(33138, 3, 0, 3)
(67106, 3, 0, 3)
(67807, 3, 0, 3)
(100086, 3, 0, 3)
(105850, 3, 0, 3)
(112631, 3, 0, 3)
(83457, 3, 0, 3)
(83883, 3, 0, 3)
(27403, 3, 0, 3)
(14764, 3, 0, 3)
(17030, 3, 0, 3)
(31208, 3, 0, 3)
(52031, 3, 0, 3)
(56139, 3, 0, 3)
(60431, 3, 0, 3)
(61536, 3, 0, 3)
(62291, 3, 0, 3)
(90007, 3, 0, 3)
(49756, 3, 0, 3)
(78045, 3, 0, 3)
(78356, 3, 0, 3)
(21847, 4, 1, 3)
(8358, 3, 0, 3)
(66037, 3, 0, 3)
(102724, 3, 0, 3)
(109091, 3, 0, 3)
(110198, 3, 0, 3)
(111175, 3, 0, 3)
(88171, 3, 0, 3)
(29858, 3, 0, 3)
(58121, 3, 0, 3)
(59165, 3, 0, 3)
(60900, 3, 0, 3)
(62335, 3, 0, 3)
(71748, 5, 2, 3)
(72578, 3, 0, 3)
(74110, 3, 0, 3)
(77663, 3, 0, 3)
(19223, 3, 0, 3)
(25384, 3, 0, 3)
(26412, 4, 1, 3)
(33168, 3, 0, 3)
(34052, 3, 0, 3)
(36223, 3, 0, 3)
(69143, 3, 0, 3)
(69797, 3, 0, 3)
(103356, 3, 0, 3)
(110307, 3, 0, 3)
(111800, 6, 3, 3)
(112675, 3, 0, 3)
(79985, 3, 0, 3)
(81849, 3, 0, 3)
(84029, 3, 0, 3)
(88447, 3, 0, 3)
(10362, 4, 1, 3)
(13017, 3, 0, 3)
(13621, 3, 0, 3)
(26665, 3, 0, 3)
(26965, 3, 0, 3)
(16031, 3, 0, 3)
(17205, 3, 0, 3)
(30380, 3, 0, 3)
(38347, 3, 0, 3)
(38738, 3, 0, 3)
(47989, 3, 0, 3)
(114214, 4, 1, 3)
(72620, 3, 0, 3)
(74145, 3, 0, 3)
(76643, 3, 0, 3)
(78148, 3, 0, 3)
(2228, 3, 0, 3)
(5872, 3, 0, 3)
(7739, 3, 0, 3)
(63548, 3, 0, 3)
(69806, 3, 0, 3)
(108619, 3, 0, 3)
(109722, 3, 0, 3)
(112705, 3, 0, 3)
(84079, 3, 0, 3)
(86521, 3, 0, 3)
(87404, 3, 0, 3)
(11899, 3, 0, 3)
(28722, 3, 0, 3)
(51954, 3, 0, 3)
(52804, 3, 0, 3)
(55919, 3, 0, 3)
(62552, 3, 0, 3)
(92358, 3, 0, 3)
(95741, 3, 0, 3)
(97402, 4, 1, 3)
(97896, 3, 0, 3)
(40572, 3, 0, 3)
(44154, 4, 1, 3)
(50840, 3, 0, 3)
(71778, 3, 0, 3)
(73170, 3, 0, 3)
(73793, 3, 0, 3)
(76217, 3, 0, 3)
(79585, 3, 0, 3)
(37691, 3, 0, 3)
(63211, 3, 0, 3)
(64014, 3, 0, 3)
(64433, 3, 0, 3)
(66313, 3, 0, 3)
(109738, 3, 0, 3)
(84100, 3, 0, 3)
(11113, 3, 0, 3)
(12450, 3, 0, 3)
(16286, 3, 0, 3)
(28744, 3, 0, 3)
(17782, 3, 0, 3)
(29695, 3, 0, 3)
(31382, 3, 0, 3)
(32007, 3, 0, 3)
(53433, 3, 0, 3)
(57554, 3, 0, 3)
(62580, 3, 0, 3)
(98961, 3, 0, 3)
(45234, 3, 0, 3)
(79638, 3, 0, 3)
(2266, 3, 0, 3)
(3383, 3, 0, 3)
(8187, 3, 0, 3)
(9100, 3, 0, 3)
(32719, 4, 1, 3)
(34685, 3, 0, 3)
(37736, 3, 0, 3)
(104725, 3, 0, 3)
(107555, 3, 0, 3)
(110533, 3, 0, 3)
(80088, 3, 0, 3)
(15271, 3, 0, 3)
(30436, 3, 0, 3)
(31415, 3, 0, 3)
(51270, 3, 0, 3)
(57613, 3, 0, 3)
(61989, 3, 0, 3)
(93693, 3, 0, 3)
(41547, 3, 0, 3)
(45300, 3, 0, 3)
(47691, 3, 0, 3)
(48688, 3, 0, 3)
(49980, 3, 0, 3)
(114680, 3, 0, 3)
(71830, 3, 0, 3)
(73827, 3, 0, 3)
(74942, 3, 0, 3)
(77941, 3, 0, 3)
(78263, 3, 0, 3)
(79718, 3, 0, 3)
(22749, 3, 0, 3)
(9636, 3, 0, 3)
(32527, 3, 0, 3)
(63684, 3, 0, 3)
(64920, 3, 0, 3)
(67017, 4, 1, 3)
(71087, 3, 0, 3)
(102620, 3, 0, 3)
(104165, 3, 0, 3)
(107599, 3, 0, 3)
(109420, 3, 0, 3)
(110536, 3, 0, 3)
(82697, 3, 0, 3)
(83770, 3, 0, 3)
(84233, 3, 0, 3)
(86611, 3, 0, 3)
(87032, 3, 0, 3)
(11338, 3, 0, 3)
(28756, 3, 0, 3)
(30104, 3, 0, 3)
(91147, 3, 0, 3)
(93343, 3, 0, 3)
(94465, 4, 1, 3)
(37829, 3, 0, 3)
(74437, 3, 0, 3)
(76745, 3, 0, 3)
(78765, 3, 0, 3)
(18490, 3, 0, 3)
(23321, 3, 0, 3)
(24926, 3, 0, 3)
(34321, 3, 0, 3)
(65449, 3, 0, 3)
(102628, 3, 0, 3)
(105787, 4, 1, 3)
(109492, 3, 0, 3)
(86447, 4, 1, 3)
(88298, 3, 0, 3)
(88722, 3, 0, 3)
(11839, 3, 0, 3)
(17631, 3, 0, 3)
(30461, 3, 0, 3)
(31155, 3, 0, 3)
(51396, 3, 0, 3)
(62032, 3, 0, 3)
(89942, 3, 0, 3)
(90499, 3, 0, 3)
(90789, 3, 0, 3)
(92776, 3, 0, 3)
(95519, 3, 0, 3)
(41006, 4, 1, 3)
(48739, 3, 0, 3)
(113498, 3, 0, 3)
(72032, 3, 0, 3)
(76819, 3, 0, 3)
(22843, 3, 0, 3)
(25343, 3, 0, 3)
(9336, 3, 0, 3)
(32860, 2, 0, 2)
(64617, 2, 0, 2)
(66561, 2, 0, 2)
(68841, 2, 0, 2)
(69597, 2, 0, 2)
(70151, 2, 0, 2)
(111140, 2, 0, 2)
(81018, 2, 0, 2)
(82320, 2, 0, 2)
(86456, 2, 0, 2)
(87228, 2, 0, 2)
(87661, 2, 0, 2)
(12184, 2, 0, 2)
(26943, 2, 0, 2)
(17487, 2, 0, 2)
(30341, 2, 0, 2)
(31771, 3, 1, 2)
(54730, 2, 0, 2)
(59594, 2, 0, 2)
(93853, 2, 0, 2)
(95532, 2, 0, 2)
(41127, 2, 0, 2)
(41886, 2, 0, 2)
(45557, 2, 0, 2)
(47246, 2, 0, 2)
(50022, 3, 1, 2)
(113598, 3, 1, 2)
(114129, 2, 0, 2)
(72159, 2, 0, 2)
(76904, 2, 0, 2)
(77658, 2, 0, 2)
(78863, 2, 0, 2)
(18244, 2, 0, 2)
(20285, 2, 0, 2)
(20749, 2, 0, 2)
(25030, 2, 0, 2)
(25358, 2, 0, 2)
(34526, 2, 0, 2)
(63407, 2, 0, 2)
(64626, 2, 0, 2)
(65211, 2, 0, 2)
(66588, 3, 1, 2)
(105096, 2, 0, 2)
(105853, 2, 0, 2)
(108537, 2, 0, 2)
(83502, 2, 0, 2)
(86081, 2, 0, 2)
(86464, 2, 0, 2)
(87354, 2, 0, 2)
(27430, 3, 1, 2)
(14773, 2, 0, 2)
(28428, 2, 0, 2)
(30474, 2, 0, 2)
(52712, 2, 0, 2)
(91664, 2, 0, 2)
(93530, 2, 0, 2)
(97387, 2, 0, 2)
(41283, 2, 0, 2)
(45649, 2, 0, 2)
(47299, 2, 0, 2)
(73764, 2, 0, 2)
(76907, 2, 0, 2)
(79351, 3, 1, 2)
(24327, 2, 0, 2)
(6196, 3, 1, 2)
(32651, 2, 0, 2)
(37564, 2, 0, 2)
(64313, 2, 0, 2)
(67997, 2, 0, 2)
(70344, 2, 0, 2)
(107963, 2, 0, 2)
(108540, 2, 0, 2)
(85497, 2, 0, 2)
(86797, 2, 0, 2)
(88173, 2, 0, 2)
(14236, 2, 0, 2)
(15029, 2, 0, 2)
(28538, 2, 0, 2)
(17559, 2, 0, 2)
(51872, 2, 0, 2)
(52161, 2, 0, 2)
(60453, 3, 1, 2)
(62489, 2, 0, 2)
(96670, 2, 0, 2)
(97849, 2, 0, 2)
(40514, 2, 0, 2)
(46634, 2, 0, 2)
(71761, 2, 0, 2)
(76128, 2, 0, 2)
(21428, 3, 1, 2)
(24337, 2, 0, 2)
(26025, 2, 0, 2)
(32659, 2, 0, 2)
(35266, 2, 0, 2)
(36233, 2, 0, 2)
(37615, 2, 0, 2)
(70400, 2, 0, 2)
(102895, 2, 0, 2)
(104364, 3, 1, 2)
(111322, 2, 0, 2)
(80048, 2, 0, 2)
(83611, 2, 0, 2)
(88451, 2, 0, 2)
(26741, 2, 0, 2)
(27035, 2, 0, 2)
(30874, 2, 0, 2)
(31554, 2, 0, 2)
(53380, 3, 1, 2)
(57389, 2, 0, 2)
(60001, 2, 0, 2)
(89877, 2, 0, 2)
(91786, 2, 0, 2)
(43524, 2, 0, 2)
(47458, 2, 0, 2)
(49210, 2, 0, 2)
(49936, 2, 0, 2)
(72628, 2, 0, 2)
(76646, 2, 0, 2)
(77036, 2, 0, 2)
(21429, 3, 1, 2)
(22034, 3, 1, 2)
(2263, 2, 0, 2)
(4175, 2, 0, 2)
(9895, 2, 0, 2)
(32448, 2, 0, 2)
(34066, 3, 1, 2)
(64829, 2, 0, 2)
(66871, 2, 0, 2)
(67553, 2, 0, 2)
(68135, 2, 0, 2)
(69328, 3, 1, 2)
(101563, 2, 0, 2)
(104602, 3, 1, 2)
(111421, 2, 0, 2)
(112351, 2, 0, 2)
(113439, 3, 1, 2)
(80076, 2, 0, 2)
(81253, 2, 0, 2)
(87438, 2, 0, 2)
(26802, 2, 0, 2)
(17240, 2, 0, 2)
(29016, 2, 0, 2)
(29590, 2, 0, 2)
(56498, 2, 0, 2)
(60154, 2, 0, 2)
(61192, 2, 0, 2)
(61857, 2, 0, 2)
(89347, 2, 0, 2)
(91123, 2, 0, 2)
(92413, 3, 1, 2)
(93689, 2, 0, 2)
(95356, 2, 0, 2)
(96762, 3, 1, 2)
(38393, 2, 0, 2)
(43210, 2, 0, 2)
(45974, 2, 0, 2)
(48549, 2, 0, 2)
(114004, 3, 1, 2)
(73379, 2, 0, 2)
(74173, 2, 0, 2)
(74402, 2, 0, 2)
(79100, 2, 0, 2)
(20565, 2, 0, 2)
(25710, 2, 0, 2)
(26119, 2, 0, 2)
(102960, 2, 0, 2)
(112383, 2, 0, 2)
(80860, 2, 0, 2)
(81432, 2, 0, 2)
(83687, 2, 0, 2)
(85838, 2, 0, 2)
(9901, 2, 0, 2)
(14092, 2, 0, 2)
(14457, 2, 0, 2)
(28233, 2, 0, 2)
(17806, 2, 0, 2)
(29702, 2, 0, 2)
(52857, 2, 0, 2)
(56036, 2, 0, 2)
(59393, 2, 0, 2)
(89475, 2, 0, 2)
(90373, 2, 0, 2)
(92427, 2, 0, 2)
(96038, 2, 0, 2)
(38394, 2, 0, 2)
(44489, 2, 0, 2)
(46094, 2, 0, 2)
(114012, 2, 0, 2)
(73513, 2, 0, 2)
(76689, 2, 0, 2)
(20163, 2, 0, 2)
(21040, 2, 0, 2)
(23307, 2, 0, 2)
(63277, 2, 0, 2)
(65429, 2, 0, 2)
(67624, 2, 0, 2)
(68274, 2, 0, 2)
(103015, 2, 0, 2)
(108909, 2, 0, 2)
(109928, 2, 0, 2)
(113011, 2, 0, 2)
(80871, 2, 0, 2)
(83186, 4, 2, 2)
(87481, 2, 0, 2)
(88038, 2, 0, 2)
(29649, 2, 0, 2)
(30448, 2, 0, 2)
(52867, 2, 0, 2)
(55553, 2, 0, 2)
(58773, 2, 0, 2)
(61480, 2, 0, 2)
(90436, 2, 0, 2)
(91444, 2, 0, 2)
(92569, 2, 0, 2)
(95467, 2, 0, 2)
(50008, 2, 0, 2)
(114081, 2, 0, 2)
(73612, 2, 0, 2)
(73893, 2, 0, 2)
(78009, 2, 0, 2)
(21063, 2, 0, 2)
(25313, 2, 0, 2)
(498, 4, 2, 2)
(8278, 3, 1, 2)
(9287, 2, 0, 2)
(35469, 2, 0, 2)
(36104, 2, 0, 2)
(67044, 2, 0, 2)
(67744, 4, 2, 2)
(68601, 4, 2, 2)
(100898, 2, 0, 2)
(103062, 2, 0, 2)
(108293, 2, 0, 2)
(108985, 2, 0, 2)
(87610, 2, 0, 2)
(13961, 2, 0, 2)
(27997, 2, 0, 2)
(28616, 2, 0, 2)
(16872, 2, 0, 2)
(29654, 2, 0, 2)
(30132, 2, 0, 2)
(31504, 2, 0, 2)
(32284, 2, 0, 2)
(52381, 2, 0, 2)
(55598, 2, 0, 2)
(56115, 2, 0, 2)
(58070, 4, 2, 2)
(61482, 2, 0, 2)
(93372, 2, 0, 2)
(93793, 2, 0, 2)
(99166, 3, 1, 2)
(114496, 2, 0, 2)
(72812, 2, 0, 2)
(75044, 2, 0, 2)
(78025, 4, 2, 2)
(24265, 2, 0, 2)
(34801, 1, 0, 1)
(64217, 1, 0, 1)
(65102, 1, 0, 1)
(65457, 1, 0, 1)
(102678, 1, 0, 1)
(109018, 1, 0, 1)
(109631, 1, 0, 1)
(110156, 1, 0, 1)
(82857, 1, 0, 1)
(88741, 1, 0, 1)
(10793, 1, 0, 1)
(26503, 1, 0, 1)
(28039, 1, 0, 1)
(28815, 2, 1, 1)
(29655, 1, 0, 1)
(51434, 1, 0, 1)
(90511, 1, 0, 1)
(91200, 1, 0, 1)
(91584, 1, 0, 1)
(93505, 1, 0, 1)
(94843, 1, 0, 1)
(99228, 1, 0, 1)
(38277, 1, 0, 1)
(43828, 1, 0, 1)
(45015, 2, 1, 1)
(46401, 1, 0, 1)
(72525, 1, 0, 1)
(73053, 1, 0, 1)
(74002, 1, 0, 1)
(76065, 1, 0, 1)
(76596, 1, 0, 1)
(19056, 1, 0, 1)
(22291, 1, 0, 1)
(2146, 3, 2, 1)
(32641, 1, 0, 1)
(32877, 1, 0, 1)
(34886, 1, 0, 1)
(35615, 1, 0, 1)
(35821, 1, 0, 1)
(37498, 1, 0, 1)
(63069, 2, 1, 1)
(63927, 1, 0, 1)
(67295, 1, 0, 1)
(69092, 1, 0, 1)
(69613, 1, 0, 1)
(70561, 1, 0, 1)
(101306, 1, 0, 1)
(103173, 2, 1, 1)
(104264, 1, 0, 1)
(111768, 1, 0, 1)
(112640, 2, 1, 1)
(79841, 1, 0, 1)
(80710, 1, 0, 1)
(81077, 1, 0, 1)
(81747, 1, 0, 1)
(86776, 1, 0, 1)
(89087, 1, 0, 1)
(12990, 1, 0, 1)
(27899, 1, 0, 1)
(15912, 1, 0, 1)
(17068, 2, 1, 1)
(28887, 1, 0, 1)
(29498, 1, 0, 1)
(31529, 1, 0, 1)
(54943, 2, 1, 1)
(55830, 2, 1, 1)
(56167, 1, 0, 1)
(59645, 1, 0, 1)
(62075, 1, 0, 1)
(90531, 1, 0, 1)
(92288, 1, 0, 1)
(94867, 1, 0, 1)
(97842, 1, 0, 1)
(37961, 1, 0, 1)
(49854, 1, 0, 1)
(114146, 1, 0, 1)
(115024, 1, 0, 1)
(74510, 1, 0, 1)
(76627, 1, 0, 1)
(78885, 1, 0, 1)
(23044, 1, 0, 1)
(32382, 2, 1, 1)
(33756, 1, 0, 1)
(34959, 1, 0, 1)
(35640, 1, 0, 1)
(62797, 1, 0, 1)
(63096, 1, 0, 1)
(63528, 1, 0, 1)
(64672, 1, 0, 1)
(65244, 1, 0, 1)
(65653, 1, 0, 1)
(66046, 1, 0, 1)
(67380, 2, 1, 1)
(100316, 1, 0, 1)
(101385, 1, 0, 1)
(102756, 1, 0, 1)
(105130, 1, 0, 1)
(106131, 1, 0, 1)
(111176, 1, 0, 1)
(113311, 1, 0, 1)
(80755, 1, 0, 1)
(81139, 1, 0, 1)
(82382, 1, 0, 1)
(82973, 1, 0, 1)
(86092, 3, 2, 1)
(87376, 1, 0, 1)
(11895, 1, 0, 1)
(14001, 1, 0, 1)
(28109, 1, 0, 1)
(29131, 1, 0, 1)
(17775, 1, 0, 1)
(52772, 1, 0, 1)
(55111, 1, 0, 1)
(55904, 1, 0, 1)
(57311, 1, 0, 1)
(59252, 1, 0, 1)
(59734, 1, 0, 1)
(61078, 1, 0, 1)
(89186, 1, 0, 1)
(89769, 2, 1, 1)
(90986, 1, 0, 1)
(91243, 1, 0, 1)
(91665, 2, 1, 1)
(92862, 1, 0, 1)
(43082, 1, 0, 1)
(43432, 1, 0, 1)
(45210, 1, 0, 1)
(49891, 1, 0, 1)
(50646, 1, 0, 1)
(73140, 2, 1, 1)
(73775, 1, 0, 1)
(77008, 1, 0, 1)
(77679, 1, 0, 1)
(78897, 2, 1, 1)
(18288, 1, 0, 1)
(22565, 1, 0, 1)
(25180, 1, 0, 1)
(26434, 1, 0, 1)
(950, 2, 1, 1)
(8156, 1, 0, 1)
(34061, 2, 1, 1)
(65680, 2, 1, 1)
(66863, 2, 1, 1)
(106132, 1, 0, 1)
(108060, 2, 1, 1)
(110427, 1, 0, 1)
(111922, 1, 0, 1)
(80811, 1, 0, 1)
(81189, 1, 0, 1)
(81997, 1, 0, 1)
(82473, 1, 0, 1)
(13043, 1, 0, 1)
(14060, 1, 0, 1)
(14432, 2, 1, 1)
(28122, 2, 1, 1)
(17561, 1, 0, 1)
(30540, 1, 0, 1)
(61148, 1, 0, 1)
(62132, 1, 0, 1)
(89231, 1, 0, 1)
(90207, 1, 0, 1)
(91008, 2, 1, 1)
(91318, 1, 0, 1)
(92865, 1, 0, 1)
(93620, 1, 0, 1)
(38918, 1, 0, 1)
(46644, 1, 0, 1)
(72349, 1, 0, 1)
(74373, 1, 0, 1)
(74586, 2, 1, 1)
(78907, 1, 0, 1)
(18323, 1, 0, 1)
(18698, 1, 0, 1)
(20936, 1, 0, 1)
(6909, 1, 0, 1)
(35068, 1, 0, 1)
(35858, 1, 0, 1)
(62861, 2, 1, 1)
(63612, 1, 0, 1)
(69855, 1, 0, 1)
(100479, 1, 0, 1)
(102903, 1, 0, 1)
(103774, 1, 0, 1)
(105550, 1, 0, 1)
(108675, 1, 0, 1)
(110509, 1, 0, 1)
(80824, 1, 0, 1)
(82005, 1, 0, 1)
(82528, 1, 0, 1)
(86977, 1, 0, 1)
(87961, 1, 0, 1)
(13094, 1, 0, 1)
(13683, 1, 0, 1)
(27167, 1, 0, 1)
(14310, 2, 1, 1)
(27636, 1, 0, 1)
(15152, 1, 0, 1)
(29222, 2, 1, 1)
(30634, 2, 1, 1)
(52250, 1, 0, 1)
(52854, 1, 0, 1)
(56033, 1, 0, 1)
(58546, 1, 0, 1)
(62134, 1, 0, 1)
(90336, 1, 0, 1)
(91804, 1, 0, 1)
(94201, 1, 0, 1)
(95868, 1, 0, 1)
(38062, 1, 0, 1)
(44294, 1, 0, 1)
(47644, 1, 0, 1)
(49965, 3, 2, 1)
(50884, 1, 0, 1)
(114301, 1, 0, 1)
(73821, 1, 0, 1)
(74716, 1, 0, 1)
(76223, 1, 0, 1)
(78256, 1, 0, 1)
(78711, 2, 1, 1)
(24899, 1, 0, 1)
(5961, 1, 0, 1)
(9607, 1, 0, 1)
(35313, 1, 0, 1)
(36320, 2, 1, 1)
(63254, 1, 0, 1)
(63655, 2, 1, 1)
(64435, 1, 0, 1)
(64868, 1, 0, 1)
(66365, 2, 1, 1)
(69346, 1, 0, 1)
(99771, 1, 0, 1)
(108761, 1, 0, 1)
(112820, 1, 0, 1)
(113461, 1, 0, 1)
(86390, 1, 0, 1)
(87019, 1, 0, 1)
(87479, 1, 0, 1)
(88193, 1, 0, 1)
(11981, 1, 0, 1)
(12706, 1, 0, 1)
(26828, 1, 0, 1)
(27295, 3, 2, 1)
(30922, 2, 1, 1)
(32053, 1, 0, 1)
(51996, 2, 1, 1)
(60166, 1, 0, 1)
(89883, 1, 0, 1)
(90717, 1, 0, 1)
(91419, 1, 0, 1)
(93263, 1, 0, 1)
(94218, 1, 0, 1)
(96850, 2, 1, 1)
(72709, 1, 0, 1)
(74412, 1, 0, 1)
(76411, 1, 0, 1)
(77303, 1, 0, 1)
(79127, 1, 0, 1)
(18162, 1, 0, 1)
(18400, 1, 0, 1)
(18781, 1, 0, 1)
(21515, 2, 1, 1)
(24214, 1, 0, 1)
(24423, 1, 0, 1)
(24910, 1, 0, 1)
(34693, 1, 0, 1)
(35106, 2, 1, 1)
(64086, 1, 0, 1)
(65909, 1, 0, 1)
(69962, 1, 0, 1)
(70539, 1, 0, 1)
(108277, 1, 0, 1)
(111475, 1, 0, 1)
(80223, 1, 0, 1)
(82102, 1, 0, 1)
(88218, 1, 0, 1)
(12011, 1, 0, 1)
(26874, 1, 0, 1)
(27968, 1, 0, 1)
(29366, 1, 0, 1)
(29758, 1, 0, 1)
(31501, 1, 0, 1)
(32265, 1, 0, 1)
(51386, 1, 0, 1)
(52006, 2, 1, 1)
(56574, 1, 0, 1)
(57691, 1, 0, 1)
(62209, 1, 0, 1)
(89931, 1, 0, 1)
(90735, 1, 0, 1)
(96098, 1, 0, 1)
(47104, 2, 1, 1)
(49620, 2, 1, 1)
(71899, 1, 0, 1)
(72490, 1, 0, 1)
(72743, 1, 0, 1)
(74237, 1, 0, 1)
(75000, 1, 0, 1)
(76513, 1, 0, 1)
(77325, 1, 0, 1)
(79830, 1, 0, 1)
(20169, 1, 0, 1)
(24226, 1, 0, 1)
(1421, 1, 0, 1)
(32817, 1, 0, 1)
(36334, 1, 0, 1)
(65982, 1, 0, 1)
(69553, 1, 0, 1)
(70045, 1, 0, 1)
(71383, 1, 0, 1)
(104819, 1, 0, 1)
(110006, 1, 0, 1)
(112567, 1, 0, 1)
(113044, 1, 0, 1)
(80996, 1, 0, 1)
(81632, 1, 0, 1)
(82265, 1, 0, 1)
(83193, 1, 0, 1)
(86640, 1, 0, 1)
(87057, 1, 0, 1)
(88062, 2, 1, 1)
(27890, 1, 0, 1)
(14753, 1, 0, 1)
(28349, 1, 0, 1)
(28810, 1, 0, 1)
(29466, 1, 0, 1)
(31034, 1, 0, 1)
(52008, 1, 0, 1)
(58921, 1, 0, 1)
(60303, 1, 0, 1)
(97280, 1, 0, 1)
(97749, 1, 0, 1)
(41857, 1, 0, 1)
(47123, 1, 0, 1)
(49710, 1, 0, 1)
(50020, 1, 0, 1)
(114119, 1, 0, 1)
(72514, 1, 0, 1)
(73996, 2, 1, 1)
(74252, 1, 0, 1)
(77518, 1, 0, 1)
(78339, 1, 0, 1)
(79208, 1, 0, 1)
(23547, 1, 0, 1)
(3565, 4, 3, 1)
(6979, 1, 0, 1)
(113245, 1, 1, 0)
(74443, 1, 1, 0)
(18547, 1, 1, 0)
(35195, 1, 1, 0)
(64229, 1, 1, 0)
(107946, 1, 1, 0)
(82346, 1, 1, 0)
(83893, 1, 1, 0)
(57246, 1, 1, 0)
(99690, 2, 2, 0)
(18580, 4, 4, 0)
(25959, 3, 3, 0)
(9392, 2, 2, 0)
(31248, 3, 3, 0)
(62127, 1, 1, 0)
(47412, 1, 1, 0)
(79465, 1, 1, 0)
(35824, 3, 3, 0)
(64400, 1, 1, 0)
(65281, 1, 1, 0)
(87754, 1, 1, 0)
(30043, 3, 3, 0)
(31272, 1, 1, 0)
(38373, 3, 3, 0)
(25208, 1, 1, 0)
(51974, 1, 1, 0)
(97403, 2, 2, 0)
(26481, 2, 2, 0)
(111426, 4, 4, 0)
(38145, 3, 3, 0)
(74197, 1, 1, 0)
(112511, 1, 1, 0)
(59413, 1, 1, 0)
(47736, 1, 1, 0)
(71531, 2, 2, 0)
(22833, 1, 1, 0)
(9678, 2, 2, 0)
(35723, 4, 4, 0)
(60779, 1, 1, 0)
(39294, 1, 1, 0)
(73613, 5, 5, 0)
(35514, 1, 2, -1)
(3582, 1, 2, -1)
(5014, 1, 2, -1)
(91127, 1, 2, -1)
(105656, 1, 2, -1)
(43651, 1, 2, -1)
(36182, 1, 3, -2)
(40798, 4, 6, -2)
(35408, 2, 4, -2)
(97532, 1, 3, -2)
(83876, 2, 4, -2)
(91158, 1, 3, -2)
(92246, 1, 6, -5)
(30390, 1, 7, -6)
(28642, 2, 15, -13)
(919, 456, Decimal('240.8000'))
(805, 318, Decimal('344.0000'))
(930, 282, Decimal('91.6000'))
(7290, 256, Decimal('206.7500'))
(183, 222, Decimal('98.6000'))
(4856, 176, Decimal('88.6667'))
(253, 159, Decimal('36.0000'))
(159, 156, Decimal('58.6000'))
(686, 152, Decimal('319.6000'))
(2970, 139, Decimal('23.5000'))
(5, 131, Decimal('58.5000'))
(5836, 123, Decimal('66.2500'))
(88, 119, Decimal('67.8000'))
(2817, 116, Decimal('69.0000'))
(2116, 112, Decimal('72.6000'))
(887, 107, Decimal('73.4000'))
(4253, 104, Decimal('112.5000'))
(196, 101, Decimal('37.6000'))
(1036, 97, Decimal('37.4000'))
(8, 95, Decimal('40.3333'))
(4505, 93, Decimal('165.2500'))
(442, 92, Decimal('26.2000'))
(28746, 88, Decimal('208.5000'))
(603, 88, Decimal('51.6000'))
(5739, 88, Decimal('99.2500'))
(1390, 87, Decimal('33.4000'))
(449, 84, Decimal('86.6667'))
(74, 80, Decimal('18.2500'))
(795, 77, Decimal('45.0000'))
(2392, 77, Decimal('64.2000'))
(3277, 76, Decimal('71.5000'))
(11032, 74, Decimal('966.0000'))
(223, 72, Decimal('31.3333'))
(1381, 72, Decimal('23.0000'))
(25, 72, Decimal('27.4000'))
(6096, 71, Decimal('42.5000'))
(26338, 69, Decimal('63.6667'))
(7972, 69, Decimal('113.3333'))
(7555, 66, Decimal('58.5000'))
(17230, 66, Decimal('96.6667'))
(9394, 66, Decimal('75.6667'))
(32036, 65, Decimal('89.6667'))
(364, 64, Decimal('28.8000'))
(601, 63, Decimal('76.0000'))
(8507, 62, Decimal('24.0000'))
(3019, 62, Decimal('33.0000'))
(7224, 62, Decimal('28.7500'))
(1005, 61, Decimal('58.4000'))
(1106, 61, Decimal('14.0000'))
(22047, 60, Decimal('172.5000'))
(2040, 57, Decimal('32.6000'))
(4598, 57, Decimal('63.5000'))
(1739, 56, Decimal('36.4000'))
(21054, 56, Decimal('51.5000'))
(22468, 55, Decimal('49.0000'))
(4426, 54, Decimal('7.7500'))
(9007, 54, Decimal('24.6667'))
(251, 53, Decimal('132.0000'))
(199, 52, Decimal('10.5000'))
(10849, 52, Decimal('54.3333'))
(6633, 52, Decimal('52.5000'))
(776, 51, Decimal('11.7500'))
(264, 51, Decimal('25.2000'))
(2798, 50, Decimal('20.7500'))
(1764, 50, Decimal('50.4000'))